free_thresh: 0.196
image: expo_cropped_map.pgm
negate: 0
occupied_thresh: 0.65
origin: [-2.025000999999996, -1.025000999999996, 0.0]
resolution: 0.05
