free_thresh: 0.196
image: expo_cropped_map.pgm
negate: 0
occupied_thresh: 0.65
origin: [-1.725000999999999, -1.725000999999999, 0.0]
resolution: 0.05
